35 1
37 1
36 2
37 2
35 1
37 2
35 3
39 2
34 3
39 1
38 1
36 1
39 1
35 1
35 1
34 1
34 1
35 3
35 2
39 2
34 3
38 2
34 3
39 2
34 1
35 3
35 1
39 3
39 3
38 1
37 1
36 1
35 1
38 1
38 2
38 2
38 2
36 3
37 1
36 1
37 2
36 3
34 1
35 2
34 1
35 1
38 2
39 2
37 3
34 1
37 1
34 2
39 1
34 1
38 1
38 3
37 2
39 2
35 2
35 3
39 2
39 2
38 2
37 2
38 3
37 2
39 2
35 3
39 3
38 2
37 3
38 1
37 3
37 1
39 3
39 3
34 3
37 2
34 1
36 1
34 2
37 2
37 3
39 3
36 2
36 2
38 1
34 1
39 2
39 1
34 3
39 3
34 1
39 3
39 3
37 1
34 2
35 2
38 3
34 3
38 1
35 1
36 1
39 3
39 2
39 2
35 2
38 3
35 1
36 3
35 1
39 1
38 1
34 2
36 3
35 1
34 1
38 3
37 2
37 1
37 2
37 1
36 2
34 2
38 3
39 3
37 1
34 1
38 2
37 3
39 2
38 2
35 2
36 1
34 3
37 1
36 3
37 2
39 2
38 1
35 3
36 1
34 1
38 1
35 3
37 1
35 3
35 3
37 3
38 1
37 1
39 3
35 3
34 1
37 2
39 2
39 3
35 1
37 3
39 3
38 3
34 1
35 1
37 2
38 3
38 1
34 3
37 2
36 1
34 1
38 2
35 3
38 2
39 2
35 2
39 3
36 1
36 3
37 1
37 2
38 3
37 1
39 3
36 2
34 3
37 3
35 2
37 3
36 3
37 3
34 3
38 2
34 3
37 2
35 2
39 1
34 2
35 3
34 2
35 1
36 2
37 2
37 3
38 1
39 3
37 2
39 1
38 3
37 3
37 1
36 1
34 3
36 3
36 3
34 1
36 1
39 1
38 3
38 3
37 2
36 1
39 3
35 2
39 2
39 2
39 1
34 1
34 3
34 1
35 1
35 2
39 3
34 1
36 1
36 3
36 3
37 2
35 3
39 2
34 2
38 2
37 3
39 2
37 2
35 3
34 3
39 2
39 1
38 2
38 1
38 1
34 3
38 2
34 2
37 3
34 1
39 1
34 3
37 3
34 3
35 3
36 1
38 1
37 2
35 2
35 1
37 3
34 3
39 1
36 3
39 1
34 2
37 2
39 2
37 3
37 2
39 2
35 3
36 3
38 1
35 3
39 3
34 1
38 2
35 3
38 3
38 1
39 3
34 1
39 2
38 2
37 2
38 3
34 3
38 3
37 1
36 2
39 2
34 3
35 3
39 2
35 2
36 1
34 2
37 2
39 1
39 1
34 2
35 3
36 2
36 2
38 1
39 2
35 2
35 3
39 3
34 1
39 1
36 3
37 1
37 2
38 3
37 1
35 3
36 2
34 3
38 1
34 3
36 3
39 2
34 2
35 1
39 3
35 2
35 1
34 3
36 1
36 2
39 1
34 1
38 2
34 2
35 1
37 2
37 2
38 1
36 3
37 1
37 3
37 2
38 3
34 1
39 1
35 2
35 2
34 3
34 1
38 2
35 2
38 2
39 3
37 3
38 3
36 2
34 2
38 3
35 1
36 2
34 1
39 1
35 3
35 2
37 1
39 2
37 1
38 1
38 1
34 1
38 3
35 3
38 1
38 2
36 2
34 3
38 2
37 2
35 3
39 3
34 3
38 2
39 2
37 2
38 1
38 1
35 1
39 1
35 1
39 1
34 1
34 3
39 2
39 3
37 1
34 3
35 3
38 1
34 1
39 3
35 1
34 2
39 2
34 2
37 1
36 2
36 3
35 1
39 3
39 1
36 2
34 2
34 3
35 1
34 1
37 3
39 1
35 1
38 1
37 1
38 2
39 2
34 1
35 3
38 1
38 3
34 3
38 2
38 2
36 3
37 3
36 3
39 1
37 2
39 2
34 2
36 2
38 1
35 1
38 1
38 1
37 3
37 2
34 1
34 3
37 2
37 2
36 1
36 1
39 2
37 3
35 3
38 1
37 1
36 2
39 2
34 1
34 2
39 2
37 2
39 1
34 3
38 3
34 1
38 2
38 3
37 2
34 1
36 2
39 3
37 1
38 2
35 3
36 2
38 3
38 1
37 2
38 3
38 1
36 3
37 2
35 1
34 2
36 2
39 3
38 2
35 2
38 2
37 2
35 2
35 3
35 1
37 1
36 3
38 1
39 2
37 3
37 1
35 1
35 1
36 1
35 3
36 2
35 2
39 2
35 1
37 2
37 2
39 1
36 3
39 3
35 2
37 3
38 3
38 3
38 2
36 3
36 1
36 3
35 1
39 1
36 2
36 2
37 3
37 2
37 1
36 1
35 3
37 2
39 2
37 1
34 1
35 3
38 3
39 3
37 1
37 3
34 1
36 1
36 1
36 2
38 3
38 2
37 3
36 3
36 1
37 1
38 3
37 3
34 2
38 2
35 3
36 2
36 2
37 3
38 2
35 3
36 3
39 2
36 1
35 1
38 2
36 3
34 1
36 1
34 3
37 2
35 2
39 3
37 3
39 3
35 2
38 3
36 1
34 1
34 3
36 1
35 3
36 1
39 2
35 2
38 1
38 1
34 1
39 3
39 2
35 2
36 3
36 1
36 1
39 3
35 1
35 3
38 2
39 1
37 1
35 3
35 1
38 2
36 3
38 3
38 3
39 2
36 1
36 2
38 2
36 1
35 2
34 3
34 2
38 2
37 1
39 3
36 2
38 2
38 1
35 1
34 1
38 3
36 3
36 2
38 2
37 1
37 3
38 3
38 1
34 2
35 1
39 1
35 1
37 1
38 1
39 3
35 1
34 1
38 1
37 3
34 1
34 1
35 3
38 2
38 3
39 3
37 2
35 2
39 1
35 2
36 2
37 1
34 2
35 2
35 3
35 2
35 1
39 1
34 2
35 3
39 2
39 1
34 1
35 2
39 3
38 1
35 2
35 3
38 1
38 3
34 1
36 3
38 1
37 2
35 1
36 3
37 1
35 3
34 1
35 1
34 1
35 2
34 2
35 1
34 1
34 1
34 3
39 3
34 1
39 2
39 1
34 1
36 2
35 3
39 2
34 1
34 1
39 2
36 2
35 1
38 2
39 3
34 3
35 2
34 2
35 3
36 1
39 1
39 1
36 3
35 1
39 1
37 2
34 1
34 2
36 3
34 1
36 2
35 3
34 2
37 3
34 3
39 3
39 1
34 2
39 2
37 3
35 3
38 1
36 1
35 1
35 3
38 2
39 2
39 2
36 2
38 1
34 3
36 1
34 1
36 2
37 2
37 3
35 1
37 1
37 1
39 3
36 1
39 2
38 2
39 3
34 2
38 3
34 2
39 1
39 1
39 2
34 1
38 2
36 3
38 1
37 1
34 2
35 2
39 2
39 3
39 1
39 3
38 3
34 2
38 2
38 1
37 1
36 2
39 3
35 2
36 3
36 1
35 3
36 1
38 3
37 3
34 3
37 1
38 1
39 2
37 3
36 2
35 1
38 1
38 1
34 2
37 1
35 3
39 2
82 1
83 1
65 3
53 3
56 3
9 1
40 2
47 2
80 1
41 2
52 3
28 2
83 2
59 1
30 2
48 3
7 2
93 1
68 2
14 3
19 1
32 1
7 1
89 3
20 2
68 2
59 3
33 3
85 1
45 3
43 3
51 1
33 3
10 1
60 3
91 2
98 2
88 1
7 3
90 3
83 1
75 1
79 3
9 2
16 2
92 1
92 2
53 2
27 2
23 3
2 2
58 1
90 3
32 3
54 3
83 3
51 2
96 1
78 1
69 2
91 2
57 2
99 1
78 1
80 2
22 3
47 3
44 1
94 1
69 1
44 2
84 1
65 2
49 2
84 1
90 1
32 1
15 1
28 2
94 2
42 2
73 2
68 3
88 3
99 2
27 2
72 1
30 2
65 2
41 3
10 3
41 3
82 2
11 3
72 3
87 2
84 2
4 3
71 2
91 2
67 2
93 2
79 2
46 1
77 1
31 2
53 1
61 2
18 2
90 2
44 2
18 2
31 3
42 1
98 1
55 2
26 2
68 3
87 3
62 1
47 2
30 1
8 2
22 1
64 1
63 2
45 3
79 2
5 2
7 1
77 3
1 3
22 2
26 2
32 2
97 1
56 1
18 3
56 1
77 3
56 3
2 3
77 2
73 3
43 1
32 2
79 2
40 2
88 3
89 3
85 1
64 1
18 1
60 1
89 1
11 3
14 2
29 1
44 3
75 2
76 1
2 2
50 1
69 1
47 1
43 2
83 2
59 1
44 3
61 1
26 1
72 3
22 3
83 3
47 1
6 1
49 2
55 2
28 1
88 2
82 2
80 2
83 1
10 2
58 1
17 3
71 2
90 1
98 1
57 1
3 3
17 1
47 3
77 2
64 3
59 1
79 3
86 3
71 3
64 1
